1.770683275207718452e+02
1.740404780106057956e+02
1.492430870491746759e+02
1.818105126253466040e+02
1.724065836203311335e+02
1.786022169817717611e+02
1.739131258557100921e+02
1.694334958920570671e+02
1.612242262145281302e+02
1.593561774964459801e+02
1.771405370253941385e+02
1.570177397734539113e+02
1.804072221329224419e+02
1.720382433485491731e+02
1.676043361746189078e+02
1.660823327165515764e+02
1.736001391796611131e+02
1.577982845052931964e+02
1.643690608652285050e+02
1.656792530122609719e+02
1.628093699694295822e+02
1.724983187899549364e+02
1.686049084345595475e+02
1.552862414850105495e+02
1.789473785005062325e+02
1.664352071541304952e+02
1.675314607755024952e+02
1.669986120748062035e+02
1.650678773097137082e+02
1.758719492575609991e+02
1.593858972352132071e+02
1.681550236639732816e+02
1.725030343703129461e+02
1.678046337795772729e+02
1.685954737792784783e+02
1.627180829742156050e+02
1.802308501561068113e+02
1.613976515353414243e+02
1.735533957955196627e+02
1.588743987945040601e+02
1.794978746360327477e+02
1.619911274002581365e+02
1.684282672229795139e+02
1.791957144258993821e+02
1.700514891112569558e+02
1.619067529841205442e+02
1.628226717559377050e+02
1.629584160653407707e+02
1.671876871801737821e+02
1.688953596852921066e+02
1.754107052196077632e+02
1.693772840565437718e+02
1.782691189019340072e+02
1.577817697457520012e+02
1.589697010334816412e+02
1.578782479542024362e+02
1.619488685939743391e+02
1.591002948881311738e+02
1.616243852734101552e+02
1.792830096977164942e+02
1.783011564753332436e+02
1.691848039598102957e+02
1.703353262814261200e+02
1.629543751643610108e+02
1.827495224941132506e+02
1.763644810092259263e+02
1.718709387998841009e+02
1.694246881511938625e+02
1.783240885009128647e+02
1.684215126718198405e+02
1.704117666417216697e+02
1.769090781274753112e+02
1.826709986988201990e+02
1.672235882578457620e+02
1.709204248819147267e+02
1.772314250488022935e+02
1.763733886450258410e+02
1.522828742247816081e+02
1.698853877272908903e+02
1.722449509322667325e+02
1.678419786672488385e+02
1.622698440716561095e+02
1.787890494395031169e+02
1.569115436967257438e+02
1.709467161981817469e+02
1.714712606802390269e+02
1.780860611851800854e+02
1.642604842373951612e+02
1.840761705418103134e+02
1.791536435873161111e+02
1.563657728706361354e+02
1.780936790560143379e+02
1.634002944190458493e+02
1.680932292649125657e+02
1.861137328178509733e+02
1.681808480719039380e+02
1.632188951496191578e+02
1.838725579903444043e+02
1.883488768394951194e+02
1.640373905018527978e+02
1.773056552415508804e+02
1.786797261004825259e+02
1.647594127990870732e+02
1.802726323510996735e+02
1.843820357168931423e+02
1.640776394000399137e+02
1.637680420081530315e+02
1.605816712984721732e+02
1.597254015980837778e+02
1.843673641656784810e+02
1.833527091019347495e+02
1.912838185537957543e+02
1.484470396505342649e+02
1.705879463483924781e+02
1.675426360235730385e+02
1.906337178117244662e+02
1.664549755709485339e+02
1.730759555387856494e+02
1.518881409386576706e+02
1.618027339550429531e+02
1.756343518054224546e+02
1.632391680092146089e+02
1.749275992519081626e+02
1.697436674965408940e+02
1.746782212895011810e+02
1.766646469387635534e+02
1.736924611182853937e+02
1.588670892624072053e+02
1.529464863424560974e+02
1.710674998451827662e+02
1.710386889872796985e+02
1.807286930949753980e+02
1.779251244633389035e+02
1.705256226236158454e+02
1.835332779469586058e+02
1.774257625467437265e+02
1.756935958836987766e+02
1.619362912383892592e+02
1.577805791447266586e+02
1.665066535346692262e+02
1.816903393153288278e+02
1.814632047736292861e+02
1.818046838037203372e+02
1.705345983451227880e+02
1.791562648903200170e+02
1.979976764932526692e+02
1.767860980875763630e+02
1.691388342625048153e+02
1.728688847689227828e+02
1.563079609292230998e+02
1.679604154441887260e+02
1.783628214566251415e+02
1.691812676606328409e+02
1.749486199178616630e+02
1.656427012517542039e+02
1.637222197673355595e+02
1.600658214629190184e+02
1.672199908988228856e+02
1.744220069526456314e+02
1.808074121983677571e+02
1.738119128567132634e+02
1.739656787447205488e+02
1.807365772373438801e+02
1.633095162936794225e+02
1.673535395424564172e+02
1.837462595937301444e+02
1.660956558934271072e+02
1.501409023919304389e+02
1.575772966803033341e+02
1.709296643257279129e+02
1.636934995765019778e+02
1.776478709548973427e+02
1.808268297640691742e+02
1.602847238720956398e+02
1.522849787704811604e+02
1.746321995088162851e+02
1.709674329445744263e+02
1.682560204698644100e+02
1.712644146248645143e+02
1.713766642429609135e+02
1.814919638265936328e+02
1.658789777211942464e+02
1.648481441958827531e+02
1.668232073074140942e+02
1.712565967653624739e+02
1.642533774536098292e+02
1.624699668404196586e+02
1.608498163043655325e+02
1.762551771557008919e+02
1.635176215595568863e+02
1.787234910345048036e+02
1.789260671701886736e+02
1.689594752135678561e+02
1.667890463711519828e+02
1.660963711784928876e+02
1.716205271768037903e+02
1.687515479012558615e+02
1.811997237378194825e+02
1.635310993764794318e+02
1.785177633688913659e+02
1.761147859803737106e+02
1.620337444126407149e+02
1.622756336448343006e+02
1.625532709358110139e+02
1.709279553616067631e+02
1.823483624748766943e+02
1.901065785215400865e+02
1.658823118759721353e+02
1.691000045638548102e+02
1.492196226906961272e+02
1.656835039064862940e+02
1.705542821511313036e+02
1.652656866414272656e+02
1.505420196761453440e+02
1.669063193957202316e+02
1.762409759321733418e+02
1.612665745178791212e+02
1.807645721075508050e+02
1.729098660794173838e+02
1.705533378445658172e+02
1.557850836051473777e+02
1.598370637242312853e+02
1.610653268309510224e+02
1.823108957928098732e+02
1.613042444903913974e+02
1.716951742276453388e+02
1.696439826990520032e+02
1.767940395584096223e+02
1.582466447328512231e+02
1.724152615241490594e+02
1.526369268649824562e+02
1.635136171956189344e+02
1.732675232313070808e+02
1.841612559924339223e+02
1.693580812441423404e+02
1.773327245557986771e+02
1.840068140403984671e+02
1.745999775837595394e+02
1.589367040537969729e+02
1.848221954640371507e+02
1.610933981667379555e+02
1.666024469253596010e+02
1.487015193846591785e+02
1.640458641258051387e+02
1.794410341224227921e+02
1.603687584023944623e+02
1.840808897151476629e+02
1.744663252257202544e+02
1.734016709623830934e+02
1.825171160219405238e+02
